111 Хлеб_Озерки_уп_нар                0.45    0.59    1231    48
112 Хлеб_Визитный_уп                  0.35    0.55    1189    51
113 Хлеб_Да_спадобы_уп_и_нар          0.4     0.57    1348    73
114 Хлеб_Браславский_край_уп_и_нар    0.4     0.81    623     54
115 Хлеб_Морочанский_аромат._уп_и_нар 0.5     0.79    1188    62
116 Хлеб_Двинский_аромат_уп_нар       0.4     0.72    1211    56
117 Хлеб_Бородинский_уп_нар           0.3     0.55    980     100
118 Хлеб_Городская_Ратуша_уп_нар      0.5     0.70    1389    140
119 Хлеб_для_тостов_уп_нар            0.3     0.67    1573    138
120 Багет_Патеха_уп                   0.3     0.62    1212    99
121 Батон_Столичный_сдобный_уп_нар    0.45    1.03    1646    101
